
FELOADLIBRARY = {}
loadstring(game:HttpGet("https://raw.githubusercontent.com/Sades160/roblox-reanimate/main/reanimate.lua"))()
loadstring(game:HttpGet("https://raw.githubusercontent.com/GelatekWasTaken/GelatekV2/main/LoadLibrary.lua"))()
loadstring(game:GetObjects("rbxassetid://5209815302")[1].Source)()


if not _G.Velocity then _G.Velocity = Vector3.new(30,0,0) end

-- adding net so we dont lose the body
local plr = game:service'Players'.LocalPlayer
game:GetService("RunService").RenderStepped:Connect(function()
    settings().Physics.PhysicsEnvironmentalThrottle = Enum.EnviromentalPhysicsThrottle.Disabled
    settings().Physics.AllowSleep = false
    game.Players.LocalPlayer.ReplicationFocus = workspace
    sethiddenproperty(plr,"SimulationRadius",1000)
    sethiddenproperty(plr,"MaxSimulationRadius",1000)
end)


local Player = game.Players.LocalPlayer
game:GetService("RunService").RenderStepped:Connect(function()
    settings().Physics.PhysicsEnvironmentalThrottle = Enum.EnviromentalPhysicsThrottle.Disabled
    settings().Physics.AllowSleep = false
    game.Players.LocalPlayer.ReplicationFocus = workspace
    sethiddenproperty(plr,"SimulationRadius",1000)
    sethiddenproperty(plr,"MaxSimulationRadius",1000)
end)


local plrs = game:GetService("Players")
local plr = plrs.LocalPlayer
local Mouse = plr:GetMouse()
local char = plr.Character
local tweenserv = game:GetService("TweenService")
local lighting = game:GetService("Lighting")
local hum = char:FindFirstChildOfClass("Humanoid")
local tor = char:FindFirstChild("Torso") or char:FindFirstChild("UpperTorso")
local root = char:FindFirstChild("HumanoidRootPart")
local head = char:FindFirstChild("Head")
local face = head:FindFirstChildOfClass("Decal")
local larm = char:FindFirstChild("Left Arm") or char:FindFirstChild("LeftUpperArm")
local rarm = char:FindFirstChild("Right Arm") or char:FindFirstChild("RightUpperArm")
local rleg = char:FindFirstChild("Right Leg") or char:FindFirstChild("RightUpperLeg")
local lleg = char:FindFirstChild("Left Leg") or char:FindFirstChild("LeftUpperLeg")
local neck = tor:FindFirstChild("Neck")
local rootj = root:FindFirstChild("RootJoint")
local LS = tor:FindFirstChild("Left Shoulder")
local RS = tor:FindFirstChild("Right Shoulder")
local LH = tor:FindFirstChild("Left Hip")
local RH = tor:FindFirstChild("Right Hip")
local bp = plr:FindFirstChild("Backpack")

hum:ClearAllChildren()
char.Animate:remove()


--Converted with ttyyuu12345's model to script plugin v4
function sandbox(var,func)
	local env = getfenv(func)
	local newenv = setmetatable({},{
		__index = function(self,k)
			if k=="script" then
				return var
			else
				return env[k]
			end
		end,
	})
	setfenv(func,newenv)
	return func
end
cors = {}
mas = Instance.new("Model",game:GetService("Lighting"))
Model0 = Instance.new("Model")
Part1 = Instance.new("Part")
Part2 = Instance.new("Part")
Decal3 = Instance.new("Decal")
Model4 = Instance.new("Model")
Part5 = Instance.new("Part")
ManualWeld6 = Instance.new("ManualWeld")
ManualWeld7 = Instance.new("ManualWeld")
Part8 = Instance.new("Part")
ManualWeld9 = Instance.new("ManualWeld")
Part10 = Instance.new("Part")
ManualWeld11 = Instance.new("ManualWeld")
Part12 = Instance.new("Part")
ManualWeld13 = Instance.new("ManualWeld")
Part14 = Instance.new("Part")
Part15 = Instance.new("Part")
ManualWeld16 = Instance.new("ManualWeld")
Part17 = Instance.new("Part")
ManualWeld18 = Instance.new("ManualWeld")
WedgePart19 = Instance.new("WedgePart")
ManualWeld20 = Instance.new("ManualWeld")
WedgePart21 = Instance.new("WedgePart")
ManualWeld22 = Instance.new("ManualWeld")
Model23 = Instance.new("Model")
Part24 = Instance.new("Part")
ManualWeld25 = Instance.new("ManualWeld")
ManualWeld26 = Instance.new("ManualWeld")
Part27 = Instance.new("Part")
Part28 = Instance.new("Part")
ManualWeld29 = Instance.new("ManualWeld")
Part30 = Instance.new("Part")
ManualWeld31 = Instance.new("ManualWeld")
Part32 = Instance.new("Part")
ManualWeld33 = Instance.new("ManualWeld")
Part34 = Instance.new("Part")
ManualWeld35 = Instance.new("ManualWeld")
Part36 = Instance.new("Part")
ManualWeld37 = Instance.new("ManualWeld")
WedgePart38 = Instance.new("WedgePart")
ManualWeld39 = Instance.new("ManualWeld")
WedgePart40 = Instance.new("WedgePart")
ManualWeld41 = Instance.new("ManualWeld")
Model42 = Instance.new("Model")
Part43 = Instance.new("Part")
ManualWeld44 = Instance.new("ManualWeld")
ManualWeld45 = Instance.new("ManualWeld")
Part46 = Instance.new("Part")
Part47 = Instance.new("Part")
ManualWeld48 = Instance.new("ManualWeld")
Part49 = Instance.new("Part")
ManualWeld50 = Instance.new("ManualWeld")
Part51 = Instance.new("Part")
ManualWeld52 = Instance.new("ManualWeld")
Part53 = Instance.new("Part")
ManualWeld54 = Instance.new("ManualWeld")
Part55 = Instance.new("Part")
ManualWeld56 = Instance.new("ManualWeld")
WedgePart57 = Instance.new("WedgePart")
ManualWeld58 = Instance.new("ManualWeld")
WedgePart59 = Instance.new("WedgePart")
ManualWeld60 = Instance.new("ManualWeld")
Model61 = Instance.new("Model")
Part62 = Instance.new("Part")
ManualWeld63 = Instance.new("ManualWeld")
ManualWeld64 = Instance.new("ManualWeld")
Part65 = Instance.new("Part")
ManualWeld66 = Instance.new("ManualWeld")
Part67 = Instance.new("Part")
ManualWeld68 = Instance.new("ManualWeld")
Part69 = Instance.new("Part")
Part70 = Instance.new("Part")
ManualWeld71 = Instance.new("ManualWeld")
Part72 = Instance.new("Part")
ManualWeld73 = Instance.new("ManualWeld")
Part74 = Instance.new("Part")
ManualWeld75 = Instance.new("ManualWeld")
WedgePart76 = Instance.new("WedgePart")
ManualWeld77 = Instance.new("ManualWeld")
WedgePart78 = Instance.new("WedgePart")
ManualWeld79 = Instance.new("ManualWeld")
Model80 = Instance.new("Model")
Part81 = Instance.new("Part")
ManualWeld82 = Instance.new("ManualWeld")
ManualWeld83 = Instance.new("ManualWeld")
Part84 = Instance.new("Part")
ManualWeld85 = Instance.new("ManualWeld")
Part86 = Instance.new("Part")
Part87 = Instance.new("Part")
ManualWeld88 = Instance.new("ManualWeld")
Part89 = Instance.new("Part")
ManualWeld90 = Instance.new("ManualWeld")
Part91 = Instance.new("Part")
ManualWeld92 = Instance.new("ManualWeld")
Part93 = Instance.new("Part")
ManualWeld94 = Instance.new("ManualWeld")
WedgePart95 = Instance.new("WedgePart")
ManualWeld96 = Instance.new("ManualWeld")
WedgePart97 = Instance.new("WedgePart")
ManualWeld98 = Instance.new("ManualWeld")
Model99 = Instance.new("Model")
Part100 = Instance.new("Part")
ManualWeld101 = Instance.new("ManualWeld")
ManualWeld102 = Instance.new("ManualWeld")
Part103 = Instance.new("Part")
Part104 = Instance.new("Part")
ManualWeld105 = Instance.new("ManualWeld")
Part106 = Instance.new("Part")
ManualWeld107 = Instance.new("ManualWeld")
Part108 = Instance.new("Part")
ManualWeld109 = Instance.new("ManualWeld")
Part110 = Instance.new("Part")
ManualWeld111 = Instance.new("ManualWeld")
Part112 = Instance.new("Part")
ManualWeld113 = Instance.new("ManualWeld")
WedgePart114 = Instance.new("WedgePart")
ManualWeld115 = Instance.new("ManualWeld")
WedgePart116 = Instance.new("WedgePart")
ManualWeld117 = Instance.new("ManualWeld")
Model118 = Instance.new("Model")
Part119 = Instance.new("Part")
ManualWeld120 = Instance.new("ManualWeld")
ManualWeld121 = Instance.new("ManualWeld")
Part122 = Instance.new("Part")
ManualWeld123 = Instance.new("ManualWeld")
Part124 = Instance.new("Part")
Part125 = Instance.new("Part")
ManualWeld126 = Instance.new("ManualWeld")
Part127 = Instance.new("Part")
ManualWeld128 = Instance.new("ManualWeld")
Part129 = Instance.new("Part")
ManualWeld130 = Instance.new("ManualWeld")
Part131 = Instance.new("Part")
ManualWeld132 = Instance.new("ManualWeld")
WedgePart133 = Instance.new("WedgePart")
ManualWeld134 = Instance.new("ManualWeld")
WedgePart135 = Instance.new("WedgePart")
ManualWeld136 = Instance.new("ManualWeld")
Model137 = Instance.new("Model")
Part138 = Instance.new("Part")
ManualWeld139 = Instance.new("ManualWeld")
ManualWeld140 = Instance.new("ManualWeld")
Part141 = Instance.new("Part")
ManualWeld142 = Instance.new("ManualWeld")
Part143 = Instance.new("Part")
ManualWeld144 = Instance.new("ManualWeld")
Part145 = Instance.new("Part")
ManualWeld146 = Instance.new("ManualWeld")
Part147 = Instance.new("Part")
ManualWeld148 = Instance.new("ManualWeld")
Part149 = Instance.new("Part")
Part150 = Instance.new("Part")
ManualWeld151 = Instance.new("ManualWeld")
WedgePart152 = Instance.new("WedgePart")
ManualWeld153 = Instance.new("ManualWeld")
WedgePart154 = Instance.new("WedgePart")
ManualWeld155 = Instance.new("ManualWeld")
Model156 = Instance.new("Model")
Part157 = Instance.new("Part")
ManualWeld158 = Instance.new("ManualWeld")
ManualWeld159 = Instance.new("ManualWeld")
Part160 = Instance.new("Part")
Part161 = Instance.new("Part")
ManualWeld162 = Instance.new("ManualWeld")
Part163 = Instance.new("Part")
ManualWeld164 = Instance.new("ManualWeld")
Part165 = Instance.new("Part")
ManualWeld166 = Instance.new("ManualWeld")
Part167 = Instance.new("Part")
ManualWeld168 = Instance.new("ManualWeld")
Part169 = Instance.new("Part")
ManualWeld170 = Instance.new("ManualWeld")
WedgePart171 = Instance.new("WedgePart")
ManualWeld172 = Instance.new("ManualWeld")
WedgePart173 = Instance.new("WedgePart")
ManualWeld174 = Instance.new("ManualWeld")
Model175 = Instance.new("Model")
Part176 = Instance.new("Part")
ManualWeld177 = Instance.new("ManualWeld")
ManualWeld178 = Instance.new("ManualWeld")
Part179 = Instance.new("Part")
Part180 = Instance.new("Part")
ManualWeld181 = Instance.new("ManualWeld")
Part182 = Instance.new("Part")
ManualWeld183 = Instance.new("ManualWeld")
Part184 = Instance.new("Part")
ManualWeld185 = Instance.new("ManualWeld")
Part186 = Instance.new("Part")
ManualWeld187 = Instance.new("ManualWeld")
Part188 = Instance.new("Part")
ManualWeld189 = Instance.new("ManualWeld")
WedgePart190 = Instance.new("WedgePart")
ManualWeld191 = Instance.new("ManualWeld")
WedgePart192 = Instance.new("WedgePart")
ManualWeld193 = Instance.new("ManualWeld")
Part194 = Instance.new("Part")
ManualWeld195 = Instance.new("ManualWeld")
ManualWeld196 = Instance.new("ManualWeld")
Model0.Name = "PIZZABOX"
Model0.Parent = mas
Part1.Name = "pizzaboxbase"
Part1.Parent = Model0
Part1.Material = Enum.Material.SmoothPlastic
Part1.BrickColor = BrickColor.new("Institutional white")
Part1.CanCollide = false
Part1.Size = Vector3.new(2.5, 0.200000003, 2.5)
Part1.CFrame = CFrame.new(-206.813606, 117.199997, -50.76017, 1, 0, 0, 0, 1, 0, 0, 0, 1)
Part1.BottomSurface = Enum.SurfaceType.Smooth
Part1.TopSurface = Enum.SurfaceType.Smooth
Part1.Color = Color3.new(0.972549, 0.972549, 0.972549)
Part1.Position = Vector3.new(-106.813606, 117.199997, -50.76017)
Part1.Color = Color3.new(0.972549, 0.972549, 0.972549)
Part2.Name = "pizzaboxtop"
Part2.Parent = Model0
Part2.Material = Enum.Material.SmoothPlastic
Part2.BrickColor = BrickColor.new("Institutional white")
Part2.CanCollide = false
Part2.Size = Vector3.new(2.5, 0.200000003, 2.5)
Part2.CFrame = CFrame.new(-106.813606, 117.399994, -50.76017, 1, 0, 0, 0, 1, 0, 0, 0, 1)
Part2.BottomSurface = Enum.SurfaceType.Smooth
Part2.TopSurface = Enum.SurfaceType.Smooth
Part2.Color = Color3.new(0.972549, 0.972549, 0.972549)
Part2.Position = Vector3.new(-106.813606, 117.399994, -50.76017)
Part2.Color = Color3.new(0.972549, 0.972549, 0.972549)
Decal3.Parent = Part2
Decal3.Texture = "rbxassetid://5002898"
Decal3.Face = Enum.NormalId.Top
Model4.Name = "pizza1"
Model4.Parent = Model0
Part5.Name = "crust"
Part5.Parent = Model4
Part5.Material = Enum.Material.Sand
Part5.BrickColor = BrickColor.new("Gold")
Part5.Rotation = Vector3.new(0, -89.9399948, 0)
Part5.CanCollide = false
Part5.Shape = Enum.PartType.Cylinder
Part5.Size = Vector3.new(0.599999964, 0.200000003, 0.200000003)
Part5.CFrame = CFrame.new(-107.713593, 117.399994, -50.76017, 1.19248735e-08, 0, -0.999999404, 1.4220275e-16, 1, -8.8817842e-16, 1, 8.46892511e-24, 1.19248806e-08)
Part5.BottomSurface = Enum.SurfaceType.Smooth
Part5.TopSurface = Enum.SurfaceType.Smooth
Part5.Color = Color3.new(0.937255, 0.721569, 0.219608)
Part5.Position = Vector3.new(-107.713593, 117.399994, -50.76017)
Part5.Orientation = Vector3.new(0, -90, 0)
Part5.Color = Color3.new(0.937255, 0.721569, 0.219608)
ManualWeld6.Name = "Weld"
ManualWeld6.Parent = Part5
ManualWeld6.C0 = CFrame.new(0, 0, 0, 1.19248806e-08, 0, 1, 0, 1, 0, -1, 0, 1.19248806e-08)
ManualWeld6.C1 = CFrame.new(7.62939453e-06, 0.100002289, 0.400009155, 1.19248762e-08, -1, -4.37113883e-08, 0, -4.37113883e-08, 1, -0.999999702, -1.19248806e-08, -5.21253064e-16)
ManualWeld6.Part0 = Part5
ManualWeld6.Part1 = Part14
ManualWeld7.Name = "Weld"
ManualWeld7.Parent = Part5
ManualWeld7.C0 = CFrame.new(0, 0, 0, 1.19248735e-08, 1.4220275e-16, 1, 0, 1, 8.46892511e-24, -0.999999404, -8.8817842e-16, 1.19248806e-08)
ManualWeld7.C1 = CFrame.new(-0.899986267, 0.199996948, 0, 1, 0, 0, 0, 1, 0, 0, 0, 1)
ManualWeld7.Part0 = Part5
ManualWeld7.Part1 = Part1
Part8.Parent = Model4
Part8.Material = Enum.Material.Sand
Part8.BrickColor = BrickColor.new("Maroon")
Part8.Rotation = Vector3.new(90, -89.9199982, 0)
Part8.CanCollide = false
Part8.Shape = Enum.PartType.Cylinder
Part8.Size = Vector3.new(0.0500000007, 0.150000006, 0.150000006)
Part8.CFrame = CFrame.new(-107.363586, 117.400002, -50.6601715, 1.19248673e-08, 0, -0.999998987, -1, -4.37113883e-08, -1.19248815e-08, -4.37113883e-08, 1, -8.88178367e-16)
Part8.BottomSurface = Enum.SurfaceType.Smooth
Part8.TopSurface = Enum.SurfaceType.Smooth
Part8.Color = Color3.new(0.458824, 0, 0)
Part8.Position = Vector3.new(-107.363586, 117.400002, -50.6601715)
Part8.Orientation = Vector3.new(0, -90, -90)
Part8.Color = Color3.new(0.458824, 0, 0)
ManualWeld9.Name = "Weld"
ManualWeld9.Parent = Part8
ManualWeld9.C0 = CFrame.new(0, 0, 0, 1.19248798e-08, -1, -4.37113883e-08, 0, -4.37113883e-08, 1, -0.99999994, -1.19248806e-08, -5.21253064e-16)
ManualWeld9.C1 = CFrame.new(0, 0.200000763, 0.0500030518, 1.19248798e-08, -1, -4.37113883e-08, 0, -4.37113883e-08, 1, -0.99999994, -1.19248806e-08, -5.21253064e-16)
ManualWeld9.Part0 = Part8
ManualWeld9.Part1 = Part14
Part10.Parent = Model4
Part10.Material = Enum.Material.Sand
Part10.BrickColor = BrickColor.new("Maroon")
Part10.Rotation = Vector3.new(90, -89.909996, 0)
Part10.CanCollide = false
Part10.Shape = Enum.PartType.Cylinder
Part10.Size = Vector3.new(0.0500000007, 0.150000006, 0.150000006)
Part10.CFrame = CFrame.new(-107.163589, 117.400002, -50.76017, 1.19248647e-08, 0, -0.999998748, -1, -4.37113883e-08, -1.19248824e-08, -4.37113883e-08, 1, -8.88178314e-16)
Part10.BottomSurface = Enum.SurfaceType.Smooth
Part10.TopSurface = Enum.SurfaceType.Smooth
Part10.Color = Color3.new(0.458824, 0, 0)
Part10.Position = Vector3.new(-107.163589, 117.400002, -50.76017)
Part10.Orientation = Vector3.new(0, -90, -90)
Part10.Color = Color3.new(0.458824, 0, 0)
ManualWeld11.Name = "Weld"
ManualWeld11.Parent = Part10
ManualWeld11.C0 = CFrame.new(0, 0, 0, 1.19248798e-08, -1, -4.37113883e-08, 0, -4.37113883e-08, 1, -0.99999994, -1.19248806e-08, -5.21253064e-16)
ManualWeld11.C1 = CFrame.new(0, 0.100002289, -0.149993896, 1.19248762e-08, -1, -4.37113883e-08, 0, -4.37113883e-08, 1, -0.999999702, -1.19248806e-08, -5.21253064e-16)
ManualWeld11.Part0 = Part10
ManualWeld11.Part1 = Part14
Part12.Parent = Model4
Part12.Material = Enum.Material.Sand
Part12.BrickColor = BrickColor.new("Maroon")
Part12.Rotation = Vector3.new(90, -89.909996, 0)
Part12.CanCollide = false
Part12.Shape = Enum.PartType.Cylinder
Part12.Size = Vector3.new(0.0500000007, 0.150000006, 0.150000006)
Part12.CFrame = CFrame.new(-107.463585, 117.400002, -50.8601723, 1.19248664e-08, 0, -0.999998868, -1, -4.37113883e-08, -1.19248824e-08, -4.37113883e-08, 1, -8.88178367e-16)
Part12.BottomSurface = Enum.SurfaceType.Smooth
Part12.TopSurface = Enum.SurfaceType.Smooth
Part12.Color = Color3.new(0.458824, 0, 0)
Part12.Position = Vector3.new(-107.463585, 117.400002, -50.8601723)
Part12.Orientation = Vector3.new(0, -90, -90)
Part12.Color = Color3.new(0.458824, 0, 0)
ManualWeld13.Name = "Weld"
ManualWeld13.Parent = Part12
ManualWeld13.C0 = CFrame.new(0, 0, 0, 1.19248798e-08, -1, -4.37113883e-08, 0, -4.37113883e-08, 1, -0.99999994, -1.19248806e-08, -5.21253064e-16)
ManualWeld13.C1 = CFrame.new(0, 0, 0.150001526, 1.1924878e-08, -1, -4.37113883e-08, 0, -4.37113883e-08, 1, -0.999999821, -1.19248806e-08, -5.21253064e-16)
ManualWeld13.Part0 = Part12
ManualWeld13.Part1 = Part14
Part14.Parent = Model4
Part14.Material = Enum.Material.Glass
Part14.BrickColor = BrickColor.new("Really black")
Part14.Rotation = Vector3.new(90, -89.9199982, 0)
Part14.CanCollide = false
Part14.Shape = Enum.PartType.Cylinder
Part14.Size = Vector3.new(0.0500000007, 0.100000001, 0.100000001)
Part14.CFrame = CFrame.new(-107.313583, 117.400002, -50.8601723, 1.19248691e-08, 0, -0.999999106, -1, -4.37113883e-08, -1.19248815e-08, -4.37113883e-08, 1, -8.8817842e-16)
Part14.BottomSurface = Enum.SurfaceType.Smooth
Part14.TopSurface = Enum.SurfaceType.Smooth
Part14.Color = Color3.new(0.0666667, 0.0666667, 0.0666667)
Part14.Position = Vector3.new(-107.313583, 117.400002, -50.8601723)
Part14.Orientation = Vector3.new(0, -90, -90)
Part14.Color = Color3.new(0.0666667, 0.0666667, 0.0666667)
Part15.Parent = Model4
Part15.Material = Enum.Material.Glass
Part15.BrickColor = BrickColor.new("Really black")
Part15.Rotation = Vector3.new(90, -89.909996, 0)
Part15.CanCollide = false
Part15.Shape = Enum.PartType.Cylinder
Part15.Size = Vector3.new(0.0500000007, 0.100000001, 0.100000001)
Part15.CFrame = CFrame.new(-107.51358, 117.400002, -50.6601753, 1.19248647e-08, 0, -0.999998748, -1, -4.37113883e-08, -1.19248824e-08, -4.37113883e-08, 1, -8.88178314e-16)
Part15.BottomSurface = Enum.SurfaceType.Smooth
Part15.TopSurface = Enum.SurfaceType.Smooth
Part15.Color = Color3.new(0.0666667, 0.0666667, 0.0666667)
Part15.Position = Vector3.new(-107.51358, 117.400002, -50.6601753)
Part15.Orientation = Vector3.new(0, -90, -90)
Part15.Color = Color3.new(0.0666667, 0.0666667, 0.0666667)
ManualWeld16.Name = "Weld"
ManualWeld16.Parent = Part15
ManualWeld16.C0 = CFrame.new(0, 0, 0, 1.19248798e-08, -1, -4.37113883e-08, 0, -4.37113883e-08, 1, -0.99999994, -1.19248806e-08, -5.21253064e-16)
ManualWeld16.C1 = CFrame.new(0, 0.199996948, 0.199996948, 1.19248762e-08, -1, -4.37113883e-08, 0, -4.37113883e-08, 1, -0.999999702, -1.19248806e-08, -5.21253064e-16)
ManualWeld16.Part0 = Part15
ManualWeld16.Part1 = Part14
Part17.Parent = Model4
Part17.Material = Enum.Material.Glass
Part17.BrickColor = BrickColor.new("Really black")
Part17.Rotation = Vector3.new(90, -89.909996, 0)
Part17.CanCollide = false
Part17.Shape = Enum.PartType.Cylinder
Part17.Size = Vector3.new(0.0500000007, 0.100000001, 0.100000001)
Part17.CFrame = CFrame.new(-107.01358, 117.400002, -50.7601738, 1.19248647e-08, 3.66925038e-16, -0.999998748, -1, -4.37113883e-08, -1.19248824e-08, -4.37113883e-08, 1, -8.88178314e-16)
Part17.BottomSurface = Enum.SurfaceType.Smooth
Part17.TopSurface = Enum.SurfaceType.Smooth
Part17.Color = Color3.new(0.0666667, 0.0666667, 0.0666667)
Part17.Position = Vector3.new(-107.01358, 117.400002, -50.7601738)
Part17.Orientation = Vector3.new(0, -90, -90)
Part17.Color = Color3.new(0.0666667, 0.0666667, 0.0666667)
ManualWeld18.Name = "Weld"
ManualWeld18.Parent = Part17
ManualWeld18.C0 = CFrame.new(0, 0, 0, 1.19248798e-08, -1, -4.37113883e-08, 0, -4.37113883e-08, 1, -0.99999994, -1.19248806e-08, -5.21253064e-16)
ManualWeld18.C1 = CFrame.new(0, 0.0999984741, -0.300003052, 1.19248762e-08, -1, -4.37113883e-08, 0, -4.37113883e-08, 1, -0.999999702, -1.19248806e-08, -8.8817842e-16)
ManualWeld18.Part0 = Part17
ManualWeld18.Part1 = Part14
WedgePart19.Parent = Model4
WedgePart19.Material = Enum.Material.Slate
WedgePart19.BrickColor = BrickColor.new("Deep orange")
WedgePart19.Rotation = Vector3.new(0, 0, -90)
WedgePart19.CanCollide = false
WedgePart19.Size = Vector3.new(0.0999999046, 0.900000036, 0.299999982)
WedgePart19.CFrame = CFrame.new(-107.213608, 117.349991, -50.9101715, 1.19248655e-08, 0.999998808, 1.8893631e-16, -1, 1.19248815e-08, 8.4689259e-24, -3.15544362e-30, 1.88936258e-16, 1)
WedgePart19.BottomSurface = Enum.SurfaceType.Smooth
WedgePart19.Color = Color3.new(1, 0.690196, 0)
WedgePart19.Position = Vector3.new(-107.213608, 117.349991, -50.9101715)
WedgePart19.Orientation = Vector3.new(0, 0, -90)
WedgePart19.Color = Color3.new(1, 0.690196, 0)
ManualWeld20.Name = "Weld"
ManualWeld20.Parent = WedgePart19
ManualWeld20.C0 = CFrame.new(0, 0, 0, 1.19248806e-08, -1, 0, 1, 1.19248806e-08, 0, 0, 0, 1)
ManualWeld20.C1 = CFrame.new(0.0500106812, -0.0499992371, -0.0999755859, 1.19248771e-08, -1, -4.37113883e-08, -1.77988992e-16, -4.37113883e-08, 1, -0.999999702, -1.19248806e-08, -7.10189534e-16)
ManualWeld20.Part0 = WedgePart19
ManualWeld20.Part1 = Part14
WedgePart21.Parent = Model4
WedgePart21.Material = Enum.Material.Slate
WedgePart21.BrickColor = BrickColor.new("Deep orange")
WedgePart21.Rotation = Vector3.new(180, 0, -90)
WedgePart21.CanCollide = false
WedgePart21.Size = Vector3.new(0.0999999046, 0.900000036, 0.299999982)
WedgePart21.CFrame = CFrame.new(-107.213608, 117.349991, -50.6101723, 1.19248673e-08, 0.999998808, -3.66924985e-16, 1, -1.19248798e-08, -1.98419059e-09, -1.98419059e-09, 2.12597488e-16, -1)
WedgePart21.BottomSurface = Enum.SurfaceType.Smooth
WedgePart21.Color = Color3.new(1, 0.690196, 0)
WedgePart21.Position = Vector3.new(-107.213608, 117.349991, -50.6101723)
WedgePart21.Orientation = Vector3.new(0, -180, 90)
WedgePart21.Color = Color3.new(1, 0.690196, 0)
ManualWeld22.Name = "Weld"
ManualWeld22.Parent = WedgePart21
ManualWeld22.C0 = CFrame.new(0, 0, 0, 1.19248806e-08, 1, -1.98419059e-09, 1, -1.19248806e-08, -1.54327709e-16, 0, -1.98419059e-09, -1)
ManualWeld22.C1 = CFrame.new(0.0500106812, 0.25, -0.0999755859, 1.19248762e-08, -1, -4.37113883e-08, 0, -4.37113883e-08, 1, -0.999999702, -1.19248806e-08, -8.8817842e-16)
ManualWeld22.Part0 = WedgePart21
ManualWeld22.Part1 = Part14
Model23.Name = "pizza5"
Model23.Parent = Model0
Part24.Name = "crust"
Part24.Parent = Model23
Part24.Material = Enum.Material.Sand
Part24.BrickColor = BrickColor.new("Gold")
Part24.Rotation = Vector3.new(0, 56, 0)
Part24.CanCollide = false
Part24.Shape = Enum.PartType.Cylinder
Part24.Size = Vector3.new(0.599999964, 0.200000003, 0.200000003)
Part24.CFrame = CFrame.new(-105.98745, 117.399963, -50.2229347, 0.559193969, 0, 0.82903868, 0, 1, 0, -0.82903868, 0, 0.559193969)
Part24.BottomSurface = Enum.SurfaceType.Smooth
Part24.TopSurface = Enum.SurfaceType.Smooth
Part24.Color = Color3.new(0.937255, 0.721569, 0.219608)
Part24.Position = Vector3.new(-105.98745, 117.399963, -50.2229347)
Part24.Orientation = Vector3.new(0, 56, 0)
Part24.Color = Color3.new(0.937255, 0.721569, 0.219608)
ManualWeld25.Name = "Weld"
ManualWeld25.Parent = Part24
ManualWeld25.C0 = CFrame.new(0, 0, 0, 0.559193254, 0, -0.829037428, 0, 1, 0, 0.829037428, 0, 0.559193254)
ManualWeld25.C1 = CFrame.new(0, -0.100017548, 0.349967957, 0, -1, 0, 0.559193432, 0, -0.829037726, 0.829037726, 0, 0.559193432)
ManualWeld25.Part0 = Part24
ManualWeld25.Part1 = Part27
ManualWeld26.Name = "Weld"
ManualWeld26.Parent = Part24
ManualWeld26.C0 = CFrame.new(0, 0, 0, 0.559193969, 0, -0.82903868, 0, 1, 0, 0.82903868, 0, 0.559193969)
ManualWeld26.C1 = CFrame.new(0.826156616, 0.199966431, 0.53723526, 1, 0, 0, 0, 1, 0, 0, 0, 1)
ManualWeld26.Part0 = Part24
ManualWeld26.Part1 = Part1
Part27.Parent = Model23
Part27.Material = Enum.Material.Sand
Part27.BrickColor = BrickColor.new("Maroon")
Part27.Rotation = Vector3.new(0, 56, -90)
Part27.CanCollide = false
Part27.Shape = Enum.PartType.Cylinder
Part27.Size = Vector3.new(0.0500000007, 0.150000006, 0.150000006)
Part27.CFrame = CFrame.new(-106.221657, 117.399963, -50.5015526, 0, 0.559194207, 0.829039097, -1, 0, 0, 0, -0.829039097, 0.559194207)
Part27.BottomSurface = Enum.SurfaceType.Smooth
Part27.TopSurface = Enum.SurfaceType.Smooth
Part27.Color = Color3.new(0.458824, 0, 0)
Part27.Position = Vector3.new(-106.221657, 117.399963, -50.5015526)
Part27.Orientation = Vector3.new(0, 56, -90)
Part27.Color = Color3.new(0.458824, 0, 0)
Part28.Parent = Model23
Part28.Material = Enum.Material.Sand
Part28.BrickColor = BrickColor.new("Maroon")
Part28.Rotation = Vector3.new(0, 56, -90)
Part28.CanCollide = false
Part28.Shape = Enum.PartType.Cylinder
Part28.Size = Vector3.new(0.0500000007, 0.150000006, 0.150000006)
Part28.CFrame = CFrame.new(-106.443398, 117.399963, -50.5304909, 0, 0.559194267, 0.829039216, -1, 0, 0, 0, -0.829039216, 0.559194267)
Part28.BottomSurface = Enum.SurfaceType.Smooth
Part28.TopSurface = Enum.SurfaceType.Smooth
Part28.Color = Color3.new(0.458824, 0, 0)
Part28.Position = Vector3.new(-106.443398, 117.399963, -50.5304909)
Part28.Orientation = Vector3.new(0, 56, -90)
Part28.Color = Color3.new(0.458824, 0, 0)
ManualWeld29.Name = "Weld"
ManualWeld29.Parent = Part28
ManualWeld29.C0 = CFrame.new(0, 0, 0, 0, -1, 0, 0.559193254, 0, -0.829037428, 0.829037428, 0, 0.559193254)
ManualWeld29.C1 = CFrame.new(0, -0.100006104, -0.200012207, 0, -1, 0, 0.559193254, 0, -0.829037428, 0.829037428, 0, 0.559193254)
ManualWeld29.Part0 = Part28
ManualWeld29.Part1 = Part27
Part30.Parent = Model23
Part30.Material = Enum.Material.Sand
Part30.BrickColor = BrickColor.new("Maroon")
Part30.Rotation = Vector3.new(0, 56, -90)
Part30.CanCollide = false
Part30.Shape = Enum.PartType.Cylinder
Part30.Size = Vector3.new(0.0500000007, 0.150000006, 0.150000006)
Part30.CFrame = CFrame.new(-106.250664, 117.399963, -50.2798347, 0, 0.559194386, 0.829039395, -1, 0, 0, 0, -0.829039395, 0.559194386)
Part30.BottomSurface = Enum.SurfaceType.Smooth
Part30.TopSurface = Enum.SurfaceType.Smooth
Part30.Color = Color3.new(0.458824, 0, 0)
Part30.Position = Vector3.new(-106.250664, 117.399963, -50.2798347)
Part30.Orientation = Vector3.new(0, 56, -90)
Part30.Color = Color3.new(0.458824, 0, 0)
ManualWeld31.Name = "Weld"
ManualWeld31.Parent = Part30
ManualWeld31.C0 = CFrame.new(0, 0, 0, 0, -1, 0, 0.559193254, 0, -0.829037428, 0.829037428, 0, 0.559193254)
ManualWeld31.C1 = CFrame.new(0, -0.200031281, 0.099937439, 0, -1, 0, 0.559193313, 0, -0.829037547, 0.829037547, 0, 0.559193313)
ManualWeld31.Part0 = Part30
ManualWeld31.Part1 = Part27
Part32.Parent = Model23
Part32.Material = Enum.Material.Glass
Part32.BrickColor = BrickColor.new("Really black")
Part32.Rotation = Vector3.new(0, 56, -90)
Part32.CanCollide = false
Part32.Shape = Enum.PartType.Cylinder
Part32.Size = Vector3.new(0.0500000007, 0.100000001, 0.100000001)
Part32.CFrame = CFrame.new(-106.374992, 117.399963, -50.3637123, 0, 0.559194446, 0.829039514, -1, 0, 0, 0, -0.829039514, 0.559194446)
Part32.BottomSurface = Enum.SurfaceType.Smooth
Part32.TopSurface = Enum.SurfaceType.Smooth
Part32.Color = Color3.new(0.0666667, 0.0666667, 0.0666667)
Part32.Position = Vector3.new(-106.374992, 117.399963, -50.3637123)
Part32.Orientation = Vector3.new(0, 56, -90)
Part32.Color = Color3.new(0.0666667, 0.0666667, 0.0666667)
ManualWeld33.Name = "Weld"
ManualWeld33.Parent = Part32
ManualWeld33.C0 = CFrame.new(0, 0, 0, 0, -1, 0, 0.559193254, 0, -0.829037428, 0.829037428, 0, 0.559193254)
ManualWeld33.C1 = CFrame.new(0, -0.200019836, -0.0500411987, 0, -1, 0, 0.559193432, 0, -0.829037726, 0.829037726, 0, 0.559193432)
ManualWeld33.Part0 = Part32
ManualWeld33.Part1 = Part27
Part34.Parent = Model23
Part34.Material = Enum.Material.Glass
Part34.BrickColor = BrickColor.new("Really black")
Part34.Rotation = Vector3.new(0, 56, -90)
Part34.CanCollide = false
Part34.Shape = Enum.PartType.Cylinder
Part34.Size = Vector3.new(0.0500000007, 0.100000001, 0.100000001)
Part34.CFrame = CFrame.new(-106.097313, 117.399963, -50.4176826, 0, 0.559194446, 0.829039514, -1, 0, 0, 0, -0.829039514, 0.559194446)
Part34.BottomSurface = Enum.SurfaceType.Smooth
Part34.TopSurface = Enum.SurfaceType.Smooth
Part34.Color = Color3.new(0.0666667, 0.0666667, 0.0666667)
Part34.Position = Vector3.new(-106.097313, 117.399963, -50.4176826)
Part34.Orientation = Vector3.new(0, 56, -90)
Part34.Color = Color3.new(0.0666667, 0.0666667, 0.0666667)
ManualWeld35.Name = "Weld"
ManualWeld35.Parent = Part34
ManualWeld35.C0 = CFrame.new(0, 0, 0, 0, -1, 0, 0.559193254, 0, -0.829037428, 0.829037428, 0, 0.559193254)
ManualWeld35.C1 = CFrame.new(0, 0, 0.149986267, 0, -1, 0, 0.559193432, 0, -0.829037726, 0.829037726, 0, 0.559193432)
ManualWeld35.Part0 = Part34
ManualWeld35.Part1 = Part27
Part36.Parent = Model23
Part36.Material = Enum.Material.Glass
Part36.BrickColor = BrickColor.new("Really black")
Part36.Rotation = Vector3.new(0, 56, -90)
Part36.CanCollide = false
Part36.Shape = Enum.PartType.Cylinder
Part36.Size = Vector3.new(0.0500000007, 0.100000001, 0.100000001)
Part36.CFrame = CFrame.new(-106.56778, 117.399963, -50.6143684, 0, 0.559194446, 0.829039514, -1, 0, 0, 0, -0.829039514, 0.559194446)
Part36.BottomSurface = Enum.SurfaceType.Smooth
Part36.TopSurface = Enum.SurfaceType.Smooth
Part36.Color = Color3.new(0.0666667, 0.0666667, 0.0666667)
Part36.Position = Vector3.new(-106.56778, 117.399963, -50.6143684)
Part36.Orientation = Vector3.new(0, 56, -90)
Part36.Color = Color3.new(0.0666667, 0.0666667, 0.0666667)
ManualWeld37.Name = "Weld"
ManualWeld37.Parent = Part36
ManualWeld37.C0 = CFrame.new(0, 0, 0, 0, -1, 0, 0.559193254, 0, -0.829037428, 0.829037428, 0, 0.559193254)
ManualWeld37.C1 = CFrame.new(0, -0.100021362, -0.350036621, 0, -1, 0, 0.559193432, 0, -0.829037726, 0.829037726, 0, 0.559193432)
ManualWeld37.Part0 = Part36
ManualWeld37.Part1 = Part27
WedgePart38.Parent = Model23
WedgePart38.Material = Enum.Material.Slate
WedgePart38.BrickColor = BrickColor.new("Deep orange")
WedgePart38.Rotation = Vector3.new(-180, 34, 90)
WedgePart38.CanCollide = false
WedgePart38.Size = Vector3.new(0.0999999046, 0.900000036, 0.299999982)
WedgePart38.CFrame = CFrame.new(-106.485817, 117.349953, -50.3781624, 0, -0.829039633, 0.559194684, -1, 0, 0, 0, -0.559194684, -0.829039633)
WedgePart38.BottomSurface = Enum.SurfaceType.Smooth
WedgePart38.Color = Color3.new(1, 0.690196, 0)
WedgePart38.Position = Vector3.new(-106.485817, 117.349953, -50.3781624)
WedgePart38.Orientation = Vector3.new(0, 146, -90)
WedgePart38.Color = Color3.new(1, 0.690196, 0)
ManualWeld39.Name = "Weld"
ManualWeld39.Parent = WedgePart38
ManualWeld39.C0 = CFrame.new(0, 0, 0, 0, -1, 0, -0.829037428, 0, -0.559193254, 0.559193254, 0, -0.829037428)
ManualWeld39.C1 = CFrame.new(0.0500106812, -0.250011444, -0.150001526, 0, -1, 0, 0.559193492, 0, -0.829037845, 0.829037845, 0, 0.559193492)
ManualWeld39.Part0 = WedgePart38
ManualWeld39.Part1 = Part27
WedgePart40.Parent = Model23
WedgePart40.Material = Enum.Material.Slate
WedgePart40.BrickColor = BrickColor.new("Deep orange")
WedgePart40.Rotation = Vector3.new(0, -34, 90)
WedgePart40.CanCollide = false
WedgePart40.Size = Vector3.new(0.0999999046, 0.900000036, 0.299999982)
WedgePart40.CFrame = CFrame.new(-106.318077, 117.349953, -50.6268692, 0, -0.829039812, -0.559194803, 1, 0, -0, 0, -0.559194803, 0.829039812)
WedgePart40.BottomSurface = Enum.SurfaceType.Smooth
WedgePart40.Color = Color3.new(1, 0.690196, 0)
WedgePart40.Position = Vector3.new(-106.318077, 117.349953, -50.6268692)
WedgePart40.Orientation = Vector3.new(0, -34, 90)
WedgePart40.Color = Color3.new(1, 0.690196, 0)
ManualWeld41.Name = "Weld"
ManualWeld41.Parent = WedgePart40
ManualWeld41.C0 = CFrame.new(0, 0, 0, 0, 1, 0, -0.829037428, 0, -0.559193254, -0.559193254, 0, 0.829037428)
ManualWeld41.C1 = CFrame.new(0.0500106812, 0.0499763489, -0.150009155, 0, -1, 0, 0.559193611, 0, -0.829038084, 0.829038084, 0, 0.559193611)
ManualWeld41.Part0 = WedgePart40
ManualWeld41.Part1 = Part27
Model42.Name = "pizza6"
Model42.Parent = Model0
Part43.Name = "crust"
Part43.Parent = Model42
Part43.Material = Enum.Material.Sand
Part43.BrickColor = BrickColor.new("Gold")
Part43.Rotation = Vector3.new(-180, 88, -180)
Part43.CanCollide = false
Part43.Shape = Enum.PartType.Cylinder
Part43.Size = Vector3.new(0.599999964, 0.200000003, 0.200000003)
Part43.CFrame = CFrame.new(-105.826599, 117.399223, -50.7877426, -0.0349009819, 0, 0.999390781, 0, 1, 0, -0.999390781, 0, -0.034901008)
Part43.BottomSurface = Enum.SurfaceType.Smooth
Part43.TopSurface = Enum.SurfaceType.Smooth
Part43.Color = Color3.new(0.937255, 0.721569, 0.219608)
Part43.Position = Vector3.new(-105.826599, 117.399223, -50.7877426)
Part43.Orientation = Vector3.new(0, 92, 0)
Part43.Color = Color3.new(0.937255, 0.721569, 0.219608)
ManualWeld44.Name = "Weld"
ManualWeld44.Parent = Part43
ManualWeld44.C0 = CFrame.new(0, 0, 0, -0.0349009931, 0, -0.999390781, 0, 1, 0, 0.999390781, 0, -0.0349009968)
ManualWeld44.C1 = CFrame.new(0, -0.100028992, 0.350021362, 0, -1, 0, -0.0349009894, 0, -0.999390781, 0.999390781, 0, -0.0349010006)
ManualWeld44.Part0 = Part43
ManualWeld44.Part1 = Part46
ManualWeld45.Name = "Weld"
ManualWeld45.Parent = Part43
ManualWeld45.C0 = CFrame.new(0, 0, 0, -0.0349009819, 0, -0.999390781, 0, 1, 0, 0.999390781, 0, -0.034901008)
ManualWeld45.C1 = CFrame.new(0.987007141, 0.199226379, -0.0275726318, 1, 0, 0, 0, 1, 0, 0, 0, 1)
ManualWeld45.Part0 = Part43
ManualWeld45.Part1 = Part1
Part46.Parent = Model42
Part46.Material = Enum.Material.Sand
Part46.BrickColor = BrickColor.new("Maroon")
Part46.Rotation = Vector3.new(-180, 88, 90)
Part46.CanCollide = false
Part46.Shape = Enum.PartType.Cylinder
Part46.Size = Vector3.new(0.0500000007, 0.150000006, 0.150000006)
Part46.CFrame = CFrame.new(-106.179901, 117.399223, -50.8754959, 0, -0.0349009745, 0.999390781, -1, 0, 0, 0, -0.999390781, -0.0349010155)
Part46.BottomSurface = Enum.SurfaceType.Smooth
Part46.TopSurface = Enum.SurfaceType.Smooth
Part46.Color = Color3.new(0.458824, 0, 0)
Part46.Position = Vector3.new(-106.179901, 117.399223, -50.8754959)
Part46.Orientation = Vector3.new(0, 92, -90)
Part46.Color = Color3.new(0.458824, 0, 0)
Part47.Parent = Model42
Part47.Material = Enum.Material.Sand
Part47.BrickColor = BrickColor.new("Maroon")
Part47.Rotation = Vector3.new(-180, 88, 90)
Part47.CanCollide = false
Part47.Shape = Enum.PartType.Cylinder
Part47.Size = Vector3.new(0.0500000007, 0.150000006, 0.150000006)
Part47.CFrame = CFrame.new(-106.376282, 117.399223, -50.7685394, 0, -0.034900967, 0.999390781, -1, 0, 0, 0, -0.999390781, -0.0349010229)
Part47.BottomSurface = Enum.SurfaceType.Smooth
Part47.TopSurface = Enum.SurfaceType.Smooth
Part47.Color = Color3.new(0.458824, 0, 0)
Part47.Position = Vector3.new(-106.376282, 117.399223, -50.7685394)
Part47.Orientation = Vector3.new(0, 92, -90)
Part47.Color = Color3.new(0.458824, 0, 0)
ManualWeld48.Name = "Weld"
ManualWeld48.Parent = Part47
ManualWeld48.C0 = CFrame.new(0, 0, 0, 0, -1, 0, -0.0349009931, 0, -0.999390781, 0.999390781, 0, -0.0349009968)
ManualWeld48.C1 = CFrame.new(0, -0.100036621, -0.199996948, 0, -1, 0, -0.0349009894, 0, -0.999390781, 0.999390781, 0, -0.0349010006)
ManualWeld48.Part0 = Part47
ManualWeld48.Part1 = Part46
Part49.Parent = Model42
Part49.Material = Enum.Material.Sand
Part49.BrickColor = BrickColor.new("Maroon")
Part49.Rotation = Vector3.new(-180, 88, 90)
Part49.CanCollide = false
Part49.Shape = Enum.PartType.Cylinder
Part49.Size = Vector3.new(0.0500000007, 0.150000006, 0.150000006)
Part49.CFrame = CFrame.new(-106.072975, 117.399223, -50.6790924, 0, -0.0349009708, 0.999390781, -1, 0, 0, 0, -0.999390781, -0.0349010192)
Part49.BottomSurface = Enum.SurfaceType.Smooth
Part49.TopSurface = Enum.SurfaceType.Smooth
Part49.Color = Color3.new(0.458824, 0, 0)
Part49.Position = Vector3.new(-106.072975, 117.399223, -50.6790924)
Part49.Orientation = Vector3.new(0, 92, -90)
Part49.Color = Color3.new(0.458824, 0, 0)
ManualWeld50.Name = "Weld"
ManualWeld50.Parent = Part49
ManualWeld50.C0 = CFrame.new(0, 0, 0, 0, -1, 0, -0.0349009931, 0, -0.999390781, 0.999390781, 0, -0.0349009968)
ManualWeld50.C1 = CFrame.new(0, -0.200016022, 0.100006104, 0, -1, 0, -0.0349009931, 0, -0.999390781, 0.999390781, 0, -0.0349009968)
ManualWeld50.Part0 = Part49
ManualWeld50.Part1 = Part46
Part51.Parent = Model42
Part51.Material = Enum.Material.Glass
Part51.BrickColor = BrickColor.new("Really black")
Part51.Rotation = Vector3.new(-180, 88, 90)
Part51.CanCollide = false
Part51.Shape = Enum.PartType.Cylinder
Part51.Size = Vector3.new(0.0500000007, 0.100000001, 0.100000001)
Part51.CFrame = CFrame.new(-106.222885, 117.399223, -50.6738472, 0, -0.034900967, 0.999390781, -1, 0, 0, 0, -0.999390781, -0.0349010229)
Part51.BottomSurface = Enum.SurfaceType.Smooth
Part51.TopSurface = Enum.SurfaceType.Smooth
Part51.Color = Color3.new(0.0666667, 0.0666667, 0.0666667)
Part51.Position = Vector3.new(-106.222885, 117.399223, -50.6738472)
Part51.Orientation = Vector3.new(0, 92, -90)
Part51.Color = Color3.new(0.0666667, 0.0666667, 0.0666667)
ManualWeld52.Name = "Weld"
ManualWeld52.Parent = Part51
ManualWeld52.C0 = CFrame.new(0, 0, 0, 0, -1, 0, -0.0349009931, 0, -0.999390781, 0.999390781, 0, -0.0349009968)
ManualWeld52.C1 = CFrame.new(0, -0.200027466, -0.0499954224, 0, -1, 0, -0.0349009894, 0, -0.999390781, 0.999390781, 0, -0.0349010006)
ManualWeld52.Part0 = Part51
ManualWeld52.Part1 = Part46
Part53.Parent = Model42
Part53.Material = Enum.Material.Glass
Part53.BrickColor = BrickColor.new("Really black")
Part53.Rotation = Vector3.new(-180, 88, 90)
Part53.CanCollide = false
Part53.Shape = Enum.PartType.Cylinder
Part53.Size = Vector3.new(0.0500000007, 0.100000001, 0.100000001)
Part53.CFrame = CFrame.new(-106.029938, 117.399223, -50.8806839, 0, -0.034900967, 0.999390781, -1, 0, 0, 0, -0.999390781, -0.0349010229)
Part53.BottomSurface = Enum.SurfaceType.Smooth
Part53.TopSurface = Enum.SurfaceType.Smooth
Part53.Color = Color3.new(0.0666667, 0.0666667, 0.0666667)
Part53.Position = Vector3.new(-106.029938, 117.399223, -50.8806839)
Part53.Orientation = Vector3.new(0, 92, -90)
Part53.Color = Color3.new(0.0666667, 0.0666667, 0.0666667)
ManualWeld54.Name = "Weld"
ManualWeld54.Parent = Part53
ManualWeld54.C0 = CFrame.new(0, 0, 0, 0, -1, 0, -0.0349009931, 0, -0.999390781, 0.999390781, 0, -0.0349009968)
ManualWeld54.C1 = CFrame.new(0, -4.95910645e-05, 0.150054932, 0, -1, 0, -0.0349009894, 0, -0.999390781, 0.999390781, 0, -0.0349010006)
ManualWeld54.Part0 = Part53
ManualWeld54.Part1 = Part46
Part55.Parent = Model42
Part55.Material = Enum.Material.Glass
Part55.BrickColor = BrickColor.new("Really black")
Part55.Rotation = Vector3.new(-180, 88, 90)
Part55.CanCollide = false
Part55.Shape = Enum.PartType.Cylinder
Part55.Size = Vector3.new(0.0500000007, 0.100000001, 0.100000001)
Part55.CFrame = CFrame.new(-106.526176, 117.399223, -50.7633133, 0, -0.034900967, 0.999390781, -1, 0, 0, 0, -0.999390781, -0.0349010229)
Part55.BottomSurface = Enum.SurfaceType.Smooth
Part55.TopSurface = Enum.SurfaceType.Smooth
Part55.Color = Color3.new(0.0666667, 0.0666667, 0.0666667)
Part55.Position = Vector3.new(-106.526176, 117.399223, -50.7633133)
Part55.Orientation = Vector3.new(0, 92, -90)
Part55.Color = Color3.new(0.0666667, 0.0666667, 0.0666667)
ManualWeld56.Name = "Weld"
ManualWeld56.Parent = Part55
ManualWeld56.C0 = CFrame.new(0, 0, 0, 0, -1, 0, -0.0349009931, 0, -0.999390781, 0.999390781, 0, -0.0349009968)
ManualWeld56.C1 = CFrame.new(0, -0.100028992, -0.349983215, 0, -1, 0, -0.0349009894, 0, -0.999390781, 0.999390781, 0, -0.0349010006)
ManualWeld56.Part0 = Part55
ManualWeld56.Part1 = Part46
WedgePart57.Parent = Model42
WedgePart57.Material = Enum.Material.Slate
WedgePart57.BrickColor = BrickColor.new("Deep orange")
WedgePart57.Rotation = Vector3.new(-180, -2, 90)
WedgePart57.CanCollide = false
WedgePart57.Size = Vector3.new(0.0999999046, 0.900000036, 0.299999982)
WedgePart57.CFrame = CFrame.new(-106.321022, 117.349258, -50.6203804, 0, -0.999390781, -0.0349009708, -1, -0, 0, 0, 0.0349010192, -0.999390781)
WedgePart57.BottomSurface = Enum.SurfaceType.Smooth
WedgePart57.Color = Color3.new(1, 0.690196, 0)
WedgePart57.Position = Vector3.new(-106.321022, 117.349258, -50.6203804)
WedgePart57.Orientation = Vector3.new(0, -178, -90)
WedgePart57.Color = Color3.new(1, 0.690196, 0)
ManualWeld58.Name = "Weld"
ManualWeld58.Parent = WedgePart57
ManualWeld58.C0 = CFrame.new(0, 0, 0, 0, -1, 0, -0.999390781, 0, 0.0349009931, -0.0349009968, 0, -0.999390781)
